1.275000e+00 	 2.530029e-02 	 -1.780320e+03 	 -6.172518e+02 	 
1.375000e+00 	 2.530029e-02 	 -1.899995e+03 	 -7.310889e+02 	 
1.275000e+00 	 4.275359e-02 	 -1.666669e+03 	 -7.092639e+02 	 
update : 1.275000e+00 	 2.530029e-02 	 -1.780320e+03 	 -6.172518e+02 	 -1.000000e-01 	 1.750000e-02 
1.175000e+00 	 4.280029e-02 	 -1.508057e+03 	 -6.021947e+02 	 -1.000000e-01 	 1.750000e-02 
1.075000e+00 	 6.030029e-02 	 -1.168830e+03 	 -6.197797e+02 	 -1.000000e-01 	 -1.750000e-02 
9.750000e-01 	 4.280029e-02 	 -1.227326e+03 	 -5.112500e+02 	 -1.000000e-01 	 -1.750000e-02 
8.750000e-01 	 2.530029e-02 	 -1.387787e+03 	 -4.286274e+02 	 -1.000000e-01 	 -1.124874e-02 
7.750000e-01 	 1.405155e-02 	 -1.498579e+03 	 -3.721844e+02 	 -1.000000e-01 	 1.750000e-02 
1.275000e+00 	 2.530029e-02 	 -1.343669e+03 	 -9.443714e+02 	 
1.375000e+00 	 2.530029e-02 	 -1.571172e+03 	 -1.159051e+03 	 
1.275000e+00 	 4.275359e-02 	 -9.430020e+02 	 -1.295015e+03 	 
update : 1.275000e+00 	 2.530029e-02 	 -1.343669e+03 	 -9.443714e+02 	 -1.000000e-01 	 7.749411e-03 
1.175000e+00 	 3.304970e-02 	 -8.467212e+02 	 -8.862184e+02 	 -1.000000e-01 	 -6.488304e-03 
1.075000e+00 	 2.656140e-02 	 -6.524426e+02 	 -5.927416e+02 	 -9.074724e-02 	 -9.610427e-03 
9.842528e-01 	 1.695097e-02 	 -7.373450e+02 	 -3.486220e+02 	 -1.000000e-01 	 -4.801939e-03 
8.842528e-01 	 1.214903e-02 	 -8.486576e+02 	 -2.433037e+02 	 -1.000000e-01 	 1.679429e-05 
7.842528e-01 	 1.214903e-02 	 -8.353420e+02 	 -2.384139e+02 	 -1.000000e-01 	 2.194621e-03 
6.842528e-01 	 1.434366e-02 	 -7.585996e+02 	 -2.774322e+02 	 -1.000000e-01 	 1.750000e-02 
5.842528e-01 	 3.184366e-02 	 -1.504295e+02 	 -5.855720e+02 	 1.000000e-01 	 -1.750000e-02 
6.842528e-01 	 3.184366e-02 	 -1.485190e+02 	 -5.855768e+02 	 1.000000e-01 	 -1.750000e-02 
6.842528e-01 	 1.434366e-02 	 -7.585996e+02 	 -2.774322e+02 	 1.000000e-01 	 1.750000e-02 
1.275000e+00 	 2.530029e-02 	 -4.566140e+02 	 -8.876093e+02 	 
1.375000e+00 	 2.530029e-02 	 -8.522352e+02 	 -1.263930e+03 	 
1.275000e+00 	 4.275359e-02 	 -8.091051e+01 	 -1.191781e+03 	 
update : 1.275000e+00 	 2.530029e-02 	 -4.566140e+02 	 -8.876093e+02 	 -1.000000e-01 	 -1.195844e-02 
1.175000e+00 	 1.334185e-02 	 -3.316340e+02 	 -3.507013e+02 	 -6.740797e-02 	 -3.086652e-03 
1.107592e+00 	 1.025520e-02 	 -7.969354e+01 	 -1.447933e+02 	 4.058867e-02 	 -3.531071e-03 
1.107592e+00 	 6.724127e-03 	 -1.877707e+02 	 -7.987386e+01 	 -3.441613e-02 	 -2.323405e-03 
1.073176e+00 	 6.724127e-03 	 -5.853650e+01 	 -3.557029e+01 	 -2.232726e-02 	 -5.421622e-04 
1.038760e+00 	 4.400722e-03 	 -5.599698e+01 	 3.188300e+01 	 
1.138760e+00 	 4.400722e-03 	 -4.409904e+02 	 -1.055821e+02 	 
1.038760e+00 	 2.185401e-02 	 5.121660e+02 	 -2.683392e+02 	 
update : 1.038760e+00 	 4.400722e-03 	 -5.599698e+01 	 3.188300e+01 	 6.728408e-04 	 1.799735e-03 
1.038760e+00 	 6.200457e-03 	 2.811670e+00 	 -1.009566e+00 	 2.380511e-04 	 -7.516688e-05 
8.000000e-01 	 1.745329e-02 	 1.233541e+04 	 2.578332e+03 	 
9.000000e-01 	 1.745329e-02 	 8.023021e+03 	 1.062232e+03 	 
8.000000e-01 	 3.490659e-02 	 1.473855e+04 	 1.779882e+03 	 
update : 8.000000e-01 	 1.745329e-02 	 1.233541e+04 	 2.578332e+03 	 1.000000e-01 	 -1.750000e-02 
9.000000e-01 	 -4.670748e-05 	 5.926841e+03 	 2.202385e+03 	 1.000000e-01 	 1.106580e-03 
1 	 1.059873e-03 	 1.842940e+03 	 8.475113e+02 	 -1.000000e-01 	 2.678847e-03 
9.000000e-01 	 3.738720e-03 	 6.420770e+03 	 1.957744e+03 	 1.000000e-01 	 1.814782e-04 
1 	 3.920198e-03 	 2.127130e+03 	 6.250142e+02 	 1.000000e-01 	 -2.368678e-04 
1.100000e+00 	 3.683330e-03 	 -2.114148e+03 	 -5.408173e+02 	 1.000000e-01 	 4.797283e-04 
1.200000e+00 	 4.163058e-03 	 -4.518498e+03 	 -1.191656e+03 	 -5.732154e-02 	 -6.244311e-04 
1.142678e+00 	 3.538627e-03 	 -3.282013e+03 	 -8.453304e+02 	 -5.987918e-02 	 -9.889560e-04 
1.082799e+00 	 2.549671e-03 	 -1.379002e+03 	 -2.035235e+02 	 -1.000000e-01 	 1.639345e-03 
9.827993e-01 	 4.189017e-03 	 2.711377e+03 	 7.705147e+02 	 7.616350e-02 	 1.093188e-04 
1.058963e+00 	 4.189017e-03 	 -3.368263e+02 	 -1.128523e+02 	 -7.410868e-03 	 -1.404166e-04 
1.058963e+00 	 4.048600e-03 	 -3.475167e+02 	 -1.005481e+02 	 -9.098307e-03 	 -9.845538e-05 
1.049864e+00 	 4.048600e-03 	 7.046591e+01 	 9.206962e+00 	 1.359349e-03 	 -8.796727e-05 
